319085 341536
332261 338816
351829 310238
338178 330542
334500 336274
350478 338211
328558 331006
347144 330096
324927 354326
336266 342513
351813 338549
363994 340271
336752 343500
327362 311854
328074 320728
329581 310270
320463 339822
335267 328509
347921 341732
317185 315564
351627 330199
321541 342780
345598 326324
342577 337125
331168 315481
342252 331422
356415 317836
325828 348787
322395 331564
361858 342164
332973 336643
329541 319388
337041 340299
358003 322188
361753 320696
324066 351408
335660 328669
342147 328107
330553 327766
340907 350688
349488 335026
332803 347292
345783 321750
341194 330379
334535 346412
348597 316587
337522 341910
358555 332838
340869 322418
351405 333613
337805 332554
350800 341972
340130 342601
338580 326990
315726 336368
344842 354213
346462 330695
346144 324124
339120 326486
342408 334164
330620 330566
339806 340610
342110 325242
343200 335038
334218 314495
353664 328720
331422 328572
335689 323710
343056 322147
345073 342017
330145 334123
345289 321452
323005 320632
336890 335333
352224 351869
349177 337723
353306 329402
327781 327612
332913 325601
367121 334551
327766 357281
334881 333754
349589 338332
335975 339136
343691 317791
338197 333905
346961 326807
358852 339297
352402 335629
333950 311609
355185 341467
335055 332775
339203 314930
342260 309785
349111 321016
361716 307223
344564 345448
348983 335252
326315 330841
332858 332384
361459 329902
353463 331704
328243 328374
349310 334485
337016 315758
355224 347841
324212 346180
334499 334266
347067 319932
334163 326842
338005 329190
340419 306815
324733 339338
347352 323249
334586 316432
338643 333844
380548 313149
355012 352036
361342 326173
363552 328336
336066 323443
331009 334430
344021 345972
345622 320319
320906 319906
324786 328299
334623 322058
359883 338550
320229 324529
337488 345997
334913 354025
320149 339186
326887 350111
333054 329884
343272 314060
360001 326066
339779 326733
326083 324203
330989 340883
348276 333745
329674 330643
330845 320475
341497 332474
351145 321875
342467 324920
325190 328961
359514 326970
340975 322139
332783 338364
350148 349907
339258 346866
350371 336718
333220 337929
340800 349457
336248 312659
335407 323681
339468 355114
336496 323615
327535 347819
345900 335803
337290 334924
346377 324848
359581 331190
340061 330090
324639 321643
329651 342955
352153 320618
340678 329823
350452 318320
328223 342695
340218 332749
318972 329305
341087 332858
351585 327788
346303 327351
343066 308333
344710 328206
317759 330289
318977 319466
336075 330562
345944 331711
334278 346499
330746 319235
329793 329675
338963 333458
324480 327120
349089 329115
332676 342150
349504 320778
346486 338905
333787 332876
348359 333090
345893 329530
330549 353920
341162 328370
357065 331412
337327 327975
335945 311917
337172 307448
348351 351581
343595 330680
345617 329428
329312 318911
350666 338944
330552 320992
328943 333978
343630 336177
344131 320434
336384 328996
332652 330321
327425 322102
336885 321140
319329 343390
354123 360921
329920 339235
338396 319286
333844 328158
337422 337476
337973 311017
346393 343372
332525 338416
341216 322216
348383 339892
355284 341848
348882 331250
340932 336985
348212 333542
328761 339675
342572 309349
349760 322942
335706 324138
329461 319979
331770 322296
350353 317141
359526 319606
339441 339914
320918 332879
339513 315589
340286 333459
342925 334216
326522 325328
343774 337391
351286 330532
349610 319265
346873 335767
333448 334224
315630 320722
352725 339870
334526 339895
331651 331257
334531 325808
337856 340921
357980 322174
352467 331682
342573 335333
330024 326151
338340 314956
332717 325287
353439 311776
332340 342833
331933 307088
327982 314233
329093 332058
347893 334056
342009 327263
333253 340573
334207 309922
347619 322347
350553 335971
333986 318957
345824 333421
339686 323831
333940 317898
349809 323295
333541 322765
326363 329053
354445 339799
330714 345226
336026 333680
329850 338010
357234 326338
333224 320069
347617 309724
341171 346092
352781 332061
333462 325711
350705 326395
351177 338742
351241 323416
353385 336508
325643 331874
350100 330701
321250 332030
350383 338049
331036 317109
314254 323951
335007 328668
332043 307651
330179 335043
341097 352387
342635 335091
359502 343187
337050 335121
338470 322787
342692 346108
346520 325188
339989 326318
316871 335274
342155 315966
330919 344248
308370 323035
333749 345930
318796 324492
352960 329156
337922 343505
341183 327018
342486 337600
343227 336246
324687 339156
316443 314779
345994 319018
348787 332296
341671 330259
354955 318983
351557 336766
331268 329597
355804 338238
324946 317551
352485 324619
342275 318287
327591 351480
353638 334857
339929 319044
325843 316401
333525 354547
336729 327052
345608 317523
345747 337469
335153 326753
350254 338029
349112 318036
337030 339641
342651 302138
327362 344365
339817 320601
315709 294149
358174 344500
334594 326860
339367 348866
343864 352118
340419 328588
344636 332167
317927 313810
338000 319966
332763 323583
317066 335674
360013 327240
325490 322873
342858 328733
329112 345384
344989 321647
328946 351962
344621 338571
345827 329794
355692 334065
346395 327191
338414 316044
317365 334681
363356 319316
342948 310134
334786 338099
336712 333480
343471 314235
337802 335440
334734 333459
344996 361434
325906 331704
351009 328146
341995 316993
349225 346369
340383 332389
324968 333377
338122 337887
340705 350445
332312 341253
334089 322064
320029 338118
317745 344223
321881 337054
332492 333156
352166 335827
362296 348859
322047 348301
315227 335429
337671 331549
331197 336403
335882 340619
346996 335377
353948 327395
323734 325013
332204 325503
341707 329359
345558 362024
315630 329204
334309 339236
329123 325473
343634 344217
342458 355341
332887 326488
330465 322071
347235 319367
331299 339101
343015 299307
354136 323320
331085 325528
355756 322252
340678 330968
348100 324683
340421 322228
347780 327010
348115 307195
338276 328720
349745 326608
343844 332302
317713 328602
355005 346478
318423 313723
353217 336066
332977 327077
346049 334688
324698 315302
317730 335606
341441 336088
337776 327730
358888 319651
356327 311475
343869 344407
341562 324539
334846 318967
340955 320679
351980 323016
334646 314838
330808 311474
342878 325384
299642 327148
350966 318325
336392 343420
326517 335018
333279 324525
340108 332834
332392 336442
342422 331739
333214 346988
326119 348035
342760 341911
338587 335138
344802 327508
333696 353571
340073 308047
301999 328318
343296 322251
342237 306226
326280 321232
349584 331912
338323 347008
331175 331407
331367 322585
338765 336269
354366 342362
358113 344967
352815 322047
323880 325085
332988 320135
346840 342047
329633 312257
350601 329394
327880 337730
313344 338461
332726 317460
341767 321834
346739 321221
351637 311817
338119 329286
346913 328300
352551 337551
322536 318888
340014 331575
331916 329911
349615 325816
341580 327224
319322 327014
327501 334819
345992 323116
318952 330803
325781 320336
341718 322373
327260 316312
334699 324312
335525 347944
350109 346246
340594 333492
