166439 160686
153622 165282
160060 154347
160074 175802
152475 156413
158161 168278
166068 168239
165102 168200
157876 164512
149723 182416
174529 182611
138196 159896
158114 180097
158665 180055
152225 184769
172732 162406
164673 179986
163565 158249
167500 175132
163169 181758
159915 164027
157058 165379
159645 168289
159008 188453
167961 175707
160382 185150
161694 167122
167126 162955
169364 181329
157923 172215
174954 155431
168825 164923
160846 179204
152982 174803
151879 180564
174744 160932
163325 160751
166650 180074
163941 176320
161575 176014
155959 170445
154281 169685
170065 182450
157231 169944
156203 160537
170598 167336
156324 170636
156550 169501
150411 171942
153306 169676
161162 181635
165955 170163
157672 184898
163576 167522
166915 159494
156340 173264
175116 171321
157860 173649
153403 162493
154727 164670
163147 163004
157540 174811
151760 173485
162991 169111
167290 184026
161147 170685
160914 166770
163456 164657
163056 192797
167305 158596
161026 178944
155597 179127
156765 166183
161913 167531
164372 173824
170389 173441
158179 169664
152033 170513
170764 167442
162043 169242
170994 161593
157998 167319
176912 176048
163724 170550
154428 163995
166110 155284
157400 161332
167412 174115
162994 166935
151187 149559
158383 167864
173609 160615
161406 170527
154077 166404
160704 176531
153134 169163
157958 176933
163166 165099
174912 176684
149502 183993
154535 184482
156532 174439
155809 178512
162234 169469
158780 172374
175910 167519
154550 165944
154323 171729
164737 162976
161778 179574
161639 166351
156920 177125
164941 175861
165648 174157
157897 176807
160894 169151
166383 175278
150756 167746
163004 152425
154483 186285
169159 157898
154560 169659
181988 173410
159891 162647
161151 182690
164764 181907
153212 167997
165115 174790
166890 185595
157754 166406
160392 161267
146691 170722
168693 169973
153445 196375
158324 174126
167906 167259
148400 164328
167347 171482
158215 171477
152826 168567
147711 173007
152891 174591
159131 182472
164129 174259
154657 173393
175061 175005
157074 159560
168592 174134
158054 195702
165367 169994
152239 183032
160874 174420
170077 183086
169876 187156
154358 164009
157074 177511
170169 177058
149745 178167
169608 168662
168183 174590
160438 169740
152387 174218
171523 160778
157579 171460
162210 165742
171076 182607
166826 187633
165105 168739
154873 167725
155536 166577
164436 178529
164115 175602
166465 160162
162395 172914
164886 173256
166249 170733
168614 168903
162561 171615
167601 173124
169759 164021
164433 161533
149809 173712
160030 171112
165616 161774
156579 178242
165243 173185
148638 170030
157445 157103
154562 177040
144924 174611
157869 175578
154303 171778
144846 174560
166823 173596
161383 163900
163702 155012
162978 160935
134107 173774
161723 163607
157177 189486
146013 175555
162522 173318
156787 166607
171123 175460
135082 166758
158774 173922
156881 182972
162082 163571
154237 174639
157199 173321
166285 177048
158362 178697
161528 153599
158563 171331
160279 157462
171054 169254
165532 173121
152943 183549
179096 172287
176695 171864
156794 162474
167832 161438
167335 163880
160321 170438
165731 177389
153259 173143
159788 188989
172265 171549
175104 178517
165063 179797
153529 173816
169941 168118
170604 178193
179817 168035
158082 175732
159719 169060
171964 186313
160218 162128
154582 198110
178046 168963
173082 160890
158545 176011
162861 172036
169398 172978
160274 156889
159115 173966
167499 167935
144482 165255
162831 178208
171943 170232
170356 165775
149709 184904
155601 159034
165734 187521
168407 169622
159253 154239
168997 179716
167892 179090
139595 169081
158303 166744
161510 179695
162182 174399
165840 166834
147597 164529
162559 174867
158766 164188
162470 180531
161621 169493
152545 174659
160285 171445
159797 162769
171391 158853
158437 174297
163782 174529
165546 166528
167387 175806
159842 171504
153546 169201
163569 172765
145504 180584
175719 162691
151415 166167
155751 183982
145981 173711
178425 163698
162117 174127
162652 158194
167598 163054
150154 160406
161235 188044
172662 186484
166251 170341
154694 184477
150525 178759
159227 177179
164087 166372
167299 182794
161025 187282
146591 168441
152613 164468
158977 178731
150566 177452
164529 168432
159134 180167
155828 175805
168741 172215
162100 175069
168752 152287
155537 176049
171104 160967
170400 181801
174456 172894
158896 179394
162854 177458
162350 174747
165651 166631
180685 158850
160474 175286
160339 184514
173928 174702
169646 169146
159682 170650
163427 173899
150852 165089
165804 164852
165696 168592
169619 188181
165759 171607
154928 177928
160660 183725
160046 178048
178146 175521
152405 159890
165593 161508
165641 159862
180004 179798
172176 164880
164395 163610
150249 180767
165167 188824
168474 174812
161486 166433
175361 164746
167259 176839
165919 162107
156906 168440
158401 174237
171651 157718
155713 184881
163453 170937
173988 175935
166826 165170
166627 178474
164412 175915
153946 169964
160755 163470
170864 168699
165296 161004
166437 164736
160380 167511
164634 172703
167273 174817
154413 156528
169287 152253
150451 160264
167453 169804
165190 164619
148905 171126
160056 165897
172707 173657
145732 190787
145134 163852
159506 160830
158485 172647
164460 176361
159664 167141
156459 172735
154670 169048
167765 170115
166612 173898
156097 172973
158856 177307
152624 175797
169706 175547
160686 171286
166517 170323
168615 169267
152526 172476
164290 168729
155526 165249
155229 172985
159987 166257
170373 182937
154435 168345
158812 165101
164244 152309
167420 164297
153666 174830
152862 165882
176382 160025
180378 164448
166323 174497
159456 178759
150554 181469
161470 178221
174554 179045
149850 167531
172493 172583
163591 180043
162760 176485
173086 169346
153238 153755
158096 167774
166430 181907
160497 164650
161062 165983
168152 174680
156985 171774
163999 168392
160832 162981
158093 171324
158749 174604
158827 161439
153134 176024
179234 178221
163343 171356
154077 175231
163242 175805
154591 172048
157542 169708
152734 164547
171563 169180
169125 158360
161382 176250
154015 162032
167832 155054
151347 163226
150685 172885
168576 191892
165901 168683
171473 163419
166937 159749
175472 178547
168441 173892
160901 162536
164480 176867
165761 181058
174750 170252
161958 173821
175998 173837
165771 178714
164747 174439
150637 166024
169466 174341
154547 177534
171696 167013
156693 168426
151797 172162
163683 170846
169007 164327
144558 159740
154502 173405
156247 158397
138234 168939
161061 189684
149867 191572
171088 171410
157724 174538
169555 171301
157045 177018
153360 162303
166560 183107
164977 163838
172100 163924
160517 173465
162785 160573
172355 163264
153651 175618
154697 157440
158411 184493
162194 178259
166229 183842
149322 174888
156738 168282
161710 181285
165452 163306
160182 167303
163054 159867
167460 183114
160191 170545
167201 175008
147294 192753
156840 162075
144641 181898
153497 172444
149422 174169
166015 178250
165625 178341
156765 167233
172166 169848
159887 167761
