157326 165383
179348 176968
175501 163143
178157 168625
168656 174629
147867 163559
157889 164544
155777 162532
175181 185033
156482 161285
174490 161002
173222 171352
153081 172742
169768 155549
168399 178064
181213 172314
177308 170393
166859 169603
160925 158508
174976 179408
159702 171937
166753 164302
175244 161376
176069 176045
168051 172775
165960 169009
184013 165681
172007 154937
158793 156812
177589 168596
154901 162724
168208 152103
155557 155092
171430 169339
171676 160444
171392 166834
157662 167183
166839 184425
166480 176603
151249 175398
167971 176790
165135 162850
166906 173736
159948 169084
164236 167187
168101 163983
178330 165056
167963 178662
169702 170614
165490 177102
174936 175422
162741 168281
163689 166992
164186 155442
173422 177325
169684 155260
149147 156338
176860 181325
165073 166909
178258 157222
166198 183216
164756 164344
164294 168330
169308 160943
164783 179767
170068 175976
171030 166922
167043 161233
163447 169170
159604 171915
179229 170634
160662 158917
171665 165061
163262 172357
161661 176997
163373 157758
162333 166327
165766 154869
154199 169797
170522 160179
167284 168138
178903 167273
170572 164459
175289 164996
160166 184600
171662 171924
150722 159250
168386 170111
153374 160386
161629 161055
159413 181767
164453 173281
157216 176577
175437 173628
166274 165443
164735 150852
181445 177008
184786 170582
173579 155438
168366 169003
166790 164917
162346 177961
165389 168534
174675 173485
144650 169919
164412 171075
178192 175173
160936 163501
166775 157406
169597 177360
155364 174991
175956 160157
168111 162347
163516 163573
174612 181032
167262 190469
160276 166231
157547 177326
174532 155191
154861 168878
163347 178980
176703 190247
176976 165868
166100 159308
155204 166609
150731 180506
159838 167931
165138 174238
174441 172810
170686 183135
159236 169862
164772 164832
166712 159901
149844 170956
161258 171692
181805 175681
175594 162257
174677 178979
167438 173227
175236 173108
160754 154188
154461 168476
155472 167767
165870 157933
167663 189931
156964 175682
155490 167491
166318 165747
163466 188246
169190 168526
169838 164667
161424 172568
171283 164782
169926 180159
161283 179014
163245 151476
177176 179520
164705 166311
165107 175394
165199 177966
173106 160404
177680 169896
165765 165187
157146 163547
153174 161522
163176 163707
158970 177113
168832 164751
162629 178755
170731 164136
158620 165692
170045 168531
153347 162464
184746 159464
182311 159018
162306 151840
151861 188151
166951 160645
162056 170252
176932 157496
162414 163692
160756 167244
166783 172531
171375 169142
174544 170275
173514 165979
171598 170245
166465 155863
153571 171497
163701 167271
171410 166597
162570 158165
166868 181156
172140 168490
166396 159969
172403 165162
172663 172458
161618 154385
171308 171423
164170 179883
160359 171025
164523 167047
171895 176786
168314 170941
167243 163879
170503 160384
163148 169086
161553 180946
172531 159848
173090 168268
171464 174394
157917 185912
168667 163490
171686 156205
168287 157718
154528 174331
163208 173028
168920 170139
160486 156552
156734 159302
160822 156784
173389 156077
158635 173078
155143 173409
163347 171376
164017 161033
160885 163117
170679 161674
166686 154191
175009 170719
168306 173769
161481 185066
157761 174874
152035 166022
170588 155586
164866 179083
171117 175722
175308 171510
169049 160759
160805 160067
158175 161532
155959 158537
163658 181517
156229 179197
161332 171638
158980 176421
160891 169384
168237 169751
172262 167815
170535 161977
170060 170595
156661 177177
172576 167362
174574 167302
172557 178194
169621 166225
170577 185813
156548 166858
176408 170642
165003 160305
160954 176688
167282 179589
172940 171800
168921 169456
165381 154992
177074 170168
156587 177176
149247 174987
156539 167519
173003 171683
164833 170858
185819 159896
174908 178310
182639 156999
168056 178276
169725 163840
163627 183328
170561 165268
171005 171999
167174 160794
182745 166926
181847 177327
165753 164050
157070 164848
162208 159765
173944 156975
154909 154755
170065 156651
164210 167364
152118 167999
169423 173383
157898 173013
161005 152264
171993 167426
177815 168763
167812 159583
154867 160125
175690 162704
160027 152337
170851 168456
166460 163797
173887 156416
166738 157040
166827 175103
182857 162399
163388 154394
152735 179958
170480 174539
176741 163406
170134 154273
165528 170314
165160 162588
176660 175996
174600 173399
171667 168484
167387 152345
169824 168826
173022 171312
179262 161076
182696 181276
174366 152548
162074 159235
165796 181036
169118 164090
173410 166987
168544 167984
159363 172852
165429 162152
162237 165490
192474 174855
162230 169680
160366 172624
167882 179639
178820 183781
167800 173794
162046 152289
165924 169946
161471 168977
171197 162059
158499 163765
149572 180915
167462 175064
179804 165929
157074 172093
153697 169756
164379 162425
171829 151879
173659 178400
164038 154613
178897 154607
173153 171902
157435 166701
153766 141243
158650 173551
155156 151656
163833 170087
175556 172685
175261 168250
161605 174740
162325 158792
158696 165845
171388 166560
157672 162404
172671 171092
161426 170004
155841 154449
174190 174238
166933 161246
158223 156197
170208 164138
166860 152037
154906 171960
157531 160013
163732 161018
171751 166911
154285 157046
177891 171109
162148 164046
162258 174742
170593 143835
166067 176205
171227 172294
160778 172673
162003 167606
150026 171859
155017 177651
171560 180647
173901 168592
157004 172246
161544 177949
173233 162628
168330 171348
193805 172431
147495 165801
165004 186836
156913 171876
153535 165844
178755 161081
178016 171688
165118 175978
153910 158107
167892 163537
157837 157884
164209 173866
166415 165111
172552 171313
160994 171068
166940 180737
167757 161017
174644 149271
163887 169522
161235 158125
178656 178960
150120 171735
168645 162284
158404 157492
168315 166912
143944 158183
186633 169895
162606 178354
162960 175306
160349 169916
168212 167470
161222 166887
162456 163081
164762 161926
174537 174741
168752 178790
163604 167271
163980 172128
180899 185232
175990 170806
164995 168972
169010 175761
178862 163951
161001 161126
165743 181615
160263 157345
168034 175637
177577 165152
167488 171750
165016 151134
172220 157472
161366 149460
163249 172938
164680 181705
183900 177054
151271 175424
165021 168978
171596 162422
178497 161419
170443 167399
179954 172293
163382 168573
159251 171943
149585 164994
158595 164341
168489 162532
157533 174572
171008 174077
150715 163257
156863 171888
160504 177622
181123 155587
161899 161658
162461 168182
160785 172823
158297 161246
169486 167886
168296 158766
169294 172216
168104 171603
173627 172340
173879 175479
182317 167014
162806 157020
166122 172040
185672 144210
169090 153134
153634 167876
168978 176463
167004 169459
179653 169497
166952 166227
169183 168022
168701 182801
157004 182699
175444 174429
171361 171147
167637 159578
171991 163682
169478 161781
157498 165034
170932 166315
164173 163255
171280 163705
184596 169644
153012 157173
156790 166328
148139 181734
161386 168910
