164524 153300
170791 161239
156389 148618
173242 161301
169374 157322
169161 159036
171389 166309
169721 162762
155826 165890
182898 167307
159790 169702
157935 170197
175318 153522
179462 162346
159912 157101
165050 169169
162696 152328
163711 164621
180019 169372
174188 158168
164742 155768
163694 162513
162692 166005
165764 162876
165313 164216
184038 166994
172285 180614
165958 171230
169176 170688
174081 159385
164910 142284
162420 171876
178845 163182
168455 179236
190857 158838
172383 165646
157068 150914
160110 162408
187317 165442
178743 157154
163957 157055
166204 157428
168177 153330
161636 167477
162187 150446
173718 155620
163540 163537
170130 166811
164616 167517
167613 158658
167910 160460
165674 157257
161711 176375
164353 158131
172713 158262
177750 167398
181162 162550
176590 166967
170406 163789
168405 172287
169341 158433
166041 158359
156219 143781
164466 162585
173938 183329
159593 171977
159952 159177
174148 157825
157480 165607
172416 163988
164010 168119
177305 158472
156967 155300
182729 164894
174557 152476
159062 158169
178472 156509
166779 168346
162505 164603
166379 154539
171335 162741
173548 166175
172797 168397
169735 172239
150878 153244
153245 151484
150751 158660
170799 170473
169088 163702
176854 156386
180474 163669
161393 146919
169400 158147
161578 148935
181927 167112
167282 147154
167523 145844
171956 155465
173874 157655
168786 161717
164818 156538
179375 158168
153802 164812
182703 164781
188071 162121
158812 173138
163870 154463
163474 163382
161965 159000
176814 165188
182163 155757
168003 168267
165677 161817
168964 159166
180162 160870
179419 167413
152926 168219
173158 161442
175941 164303
166532 154949
170264 173002
180386 153008
169903 154908
169304 167494
166934 146828
174804 167479
182980 168868
162101 163952
168798 169973
179057 164128
158244 151254
173763 171398
156883 159657
165650 172199
169991 161294
171703 172780
171117 173374
165240 170770
167775 154114
172907 148506
157116 166514
168541 153199
173131 171392
174067 169467
166149 165384
153742 172254
175484 159822
162521 149256
175521 182533
163788 166183
171007 159961
163723 159800
165773 165473
166706 163177
176650 152489
178876 168096
156665 170528
175627 158869
169957 166465
158338 163494
165778 157268
168971 157738
171517 173789
177931 171351
166010 167002
182691 162919
160645 148939
158027 156835
178387 151975
172362 159064
172723 166548
170618 166352
183043 153824
179476 157402
161037 162243
162028 154513
163123 161557
170104 166600
166304 162431
169534 176949
167941 169524
154995 155747
169505 157790
170856 170807
183315 164035
172755 157475
169234 160588
172836 160512
164866 170951
174312 169024
175644 149373
172999 164921
171411 150309
165870 159875
166881 158675
162551 144677
181892 166007
156739 174224
183655 159422
168790 147155
171608 162288
149324 167186
148835 148893
169314 159928
171372 163007
166496 170720
172231 156409
179054 159063
157981 159816
170063 153471
155658 154166
159284 151187
161872 166037
169574 161830
155762 163903
170421 165454
162739 155858
172735 173051
169345 148888
171739 148122
171005 167742
149025 166773
170248 159508
173155 168047
164408 157904
165630 173575
179966 163438
162725 160322
170882 167312
171600 147233
152722 163674
175191 160584
174115 159498
170158 167284
169217 168514
157456 161560
167926 166349
164683 162951
163300 164809
163039 155837
167089 162821
168728 171146
170139 168422
185804 156767
160156 151768
176669 179360
156830 159202
176556 168578
165545 169326
163837 156906
162287 163758
167306 146275
177641 153012
155239 168816
165923 168868
170352 176340
168501 174026
162101 166041
163931 171020
174302 175899
166930 162223
146586 175663
164130 165754
171333 158433
177886 166726
168503 156838
169893 159705
166153 156685
167254 158394
165526 173567
172917 158062
164948 161698
160831 178156
172772 176752
169169 168617
180163 160026
163305 175933
171479 167398
175291 156883
180143 158739
161368 161780
168204 158782
161550 158300
159855 182824
166715 170168
175308 156906
171380 155059
169725 157426
164556 156360
174063 164121
164421 165209
164265 161587
158808 159032
154849 157549
172192 157605
183395 157634
167786 164292
171134 160580
155288 161139
153095 145594
168315 150519
179970 156742
165464 155001
168661 175880
164706 161578
165381 155003
171739 172205
167510 167748
186071 153656
153037 171239
157823 167667
172088 151622
174046 161922
174033 171898
161805 172215
170337 165095
157282 164252
164925 148671
171771 147797
170010 158207
179359 170478
174801 164543
184410 160532
163834 154280
169484 161327
162868 168865
171239 162463
185355 165233
155476 150805
157072 153664
164941 161994
154760 166692
156022 162802
151127 160808
167209 171715
153597 168376
174928 165314
164860 165801
160248 161493
177533 160954
158524 157736
177580 156479
166408 165615
167079 163069
156830 175581
170841 167333
180792 172391
154407 161822
182694 150904
166758 157825
162182 150636
164015 167523
166273 149854
162943 153185
168049 167558
178999 159895
178481 168971
152320 146011
170430 159664
172801 159047
186661 164884
177352 157715
165533 155548
162119 171841
162389 143461
169163 168667
170083 151056
164575 145979
171760 167992
178856 143306
155718 162445
177124 164073
166509 164418
170524 159046
175240 152292
168279 164893
164905 163973
171913 154143
176660 158251
187601 166737
173068 154727
172320 156343
180577 167512
167104 163115
165848 172484
183555 159521
176723 156780
167334 168421
171747 161810
164880 170269
165002 162804
176175 166247
174710 170105
163535 161868
176403 173910
161796 169867
158919 165593
169201 167030
177648 143678
158185 161176
154206 159604
166301 159322
169009 172028
176345 189991
178208 163235
163645 160188
194157 146327
184044 163863
159244 146424
172093 166761
183711 155993
179237 163972
170248 172489
165263 172194
162725 163737
162074 167982
158477 155584
169983 165230
169310 162177
167856 172412
157499 160955
168684 166067
161701 154708
163250 171546
164134 156723
174011 156613
152337 156675
177038 153352
173349 163135
156485 163727
149085 172362
181543 154344
173670 162517
173630 162895
162513 158454
171633 178496
159526 167824
172009 171371
170478 165462
168936 163078
181508 170273
159729 171791
163845 166801
161782 156169
164192 162469
184468 163476
173080 172708
169797 161224
174072 150313
178604 166481
178298 153257
174728 164665
162189 161844
175058 156984
158075 165342
171926 159203
193695 160720
166368 166948
151689 159405
159883 161827
179840 161692
161204 167545
169108 170840
167647 160109
150263 163324
165477 154466
174876 175654
168969 157738
169071 149695
153472 174786
167274 152790
164460 156346
171269 158643
170627 167227
156800 161095
163289 170073
160866 169696
171255 161606
158340 170740
161187 147576
175966 157483
165184 165993
151898 164307
152929 148617
167205 159834
158756 161894
177354 157194
178402 159063
181720 174651
167737 154184
163327 156252
168212 166194
161051 173915
175055 159003
183046 156083
170855 161259
167444 167373
172437 158105
175944 161964
169670 166931
156661 161756
