168712 170251
168616 174317
171348 183115
174260 169833
166398 175536
176573 165711
183725 189151
177019 185091
156271 168207
169099 170195
165522 179394
182604 178258
169175 167460
174777 182358
192336 168785
172355 168870
178912 172456
173010 174865
169737 172892
166157 170479
170263 170460
169314 179632
190340 162114
172807 176470
158749 162917
166003 157630
161660 165682
166088 178058
154993 183365
163786 160946
167588 169861
163687 172194
164970 174313
175976 173808
156423 164681
167146 161115
169306 169888
163382 162462
168656 162892
171148 184698
166451 167134
161849 168562
182607 165112
177841 163969
172103 164581
160727 147108
178877 168461
159450 166326
150719 164648
170325 166669
169391 174708
170727 163607
180483 175040
167968 164794
169618 170355
170786 182816
178470 183719
172101 182004
181066 179269
174130 174038
164794 161300
172153 163082
162305 167499
182450 167709
158966 146378
163946 189425
167149 176864
156705 156431
153647 178482
176601 175774
175640 183746
169716 173299
153601 160470
177918 182949
163011 170665
169357 180361
165916 173839
171849 173343
164256 182041
177488 181000
167938 171732
178421 155917
182068 190508
178661 171771
175675 159493
157956 179275
171610 175299
160219 164935
179131 164325
156070 180580
169011 189466
170767 155333
169370 167177
169862 173498
161027 163012
163413 175869
163683 170638
159510 161352
178426 169545
173500 165901
173428 180255
169172 179912
167867 166778
161385 189491
160084 168806
184438 175955
162958 177576
167971 180600
173149 165951
168139 157840
166561 170806
167441 170132
163549 171824
181173 177370
187475 177205
186437 174696
170039 160770
163109 172005
150889 156984
172141 153687
166528 165016
176688 169353
166427 168556
163063 176351
180889 162045
186582 168178
160090 180773
159063 170421
162802 177025
166170 174750
181574 167253
173709 162322
171982 166427
180020 163255
175778 165146
161833 157916
182524 178615
155540 172507
139686 181015
185496 166320
169446 175414
168040 177057
174169 182120
166087 174573
177243 165818
164436 181307
185988 177549
167127 187455
169155 174293
166157 180156
166482 169528
168698 165470
173601 166270
181675 187766
145635 167506
163753 178576
161743 164314
167454 142930
170624 169051
172657 180955
159310 160496
155676 153373
166598 176208
172305 174083
175557 180968
168038 155179
179104 186474
157760 167762
155199 168502
170735 178635
168011 168319
167046 172966
176391 173959
169415 169459
168824 154979
157237 181110
163166 149929
174965 190164
169491 154257
170963 158388
167998 162195
170707 171657
164860 172732
179305 168191
168752 169808
176009 174553
183977 158942
171199 164231
177418 144854
169718 176499
167019 170138
171971 174062
175956 167043
169244 166615
167575 167921
162193 186068
169734 175835
184725 178475
173915 150739
174710 176176
174797 175623
172999 177277
166713 170219
174582 169868
167354 187934
179922 166263
164094 177779
178827 174530
159598 167282
178518 169978
160237 166070
177557 166453
169552 174961
176290 178031
182619 173735
166723 169697
182448 174030
163856 170978
159723 161381
168343 169411
171239 165644
165223 169213
165091 184951
154624 172806
162802 161945
169892 168266
152867 180758
162192 158698
173308 194717
166314 188092
172105 171842
172484 171582
171498 192018
173323 169783
176541 168844
167754 171585
186478 176298
167056 164898
151529 176129
182674 168700
168388 184131
160256 161741
173795 178619
171678 169291
173989 164220
166588 184736
161109 188342
178410 178043
168419 169867
171957 174216
165692 185035
168394 152205
163428 170483
167376 168320
176388 165394
184167 173329
183273 170789
155728 173396
161254 183017
156123 166652
179500 175176
168093 169070
173715 159192
164181 178322
165212 173251
158168 175961
168615 163178
171720 161292
181043 185674
159272 173522
167517 167034
165830 174702
183912 160427
163643 166846
167534 180333
164647 184630
178032 162607
170675 180140
165690 174368
170559 163707
162151 163100
154668 171112
177915 168499
164045 154811
178270 173823
164775 177734
159901 181138
173954 184397
173491 172640
168213 176716
164058 168543
165615 162735
158646 160461
172742 167156
167032 165426
173442 163074
189115 170933
180091 177764
179088 159595
164507 191360
177158 176750
170110 181424
158963 165395
172155 188071
176299 172613
187552 163700
171270 177412
161113 167163
159472 161403
168387 178230
165224 171326
172388 186557
165081 176729
166003 161663
173331 174895
166750 163896
166362 169776
160740 176699
169787 171032
160668 182019
161580 167894
165054 171457
172386 160322
164838 166301
165050 177816
175040 158811
184560 179526
180416 159600
170428 168978
177308 158938
168679 170412
172196 161780
166127 173943
163191 166596
171191 183541
174274 171598
181946 180692
184828 166731
166734 175235
170130 164593
175620 169406
172445 176449
178547 175395
168176 181924
155026 167451
168451 174743
172214 190925
175425 150288
174732 169110
182618 181878
170281 171445
174814 178361
166536 167924
173439 184924
169663 165774
161531 166844
161143 171995
162292 163073
152340 179953
168354 181768
181983 159774
173688 186114
157148 175747
169893 169091
158705 172239
158445 156663
158201 165492
163548 154538
155103 168695
152990 161968
172998 178127
167694 160595
165261 163925
173996 164342
180627 170976
169608 164478
168743 168423
175097 174001
177564 176512
178872 172148
160443 179688
169745 166164
171443 176316
168192 178329
171766 161844
164636 161253
166813 172648
162769 159805
162808 164255
180585 175651
173584 159072
173551 177052
170769 157772
161337 189981
170851 171054
153733 172834
180927 157522
167394 175750
170674 180600
156260 162133
162526 162804
162465 178155
165317 167255
162637 171551
171519 178024
165596 164332
146759 152481
155554 171705
163605 167529
180293 181190
165492 150819
183876 180048
163748 163542
165950 155795
163316 162807
158560 170421
180246 167434
167762 181570
161095 171294
176114 177811
172227 167935
159985 148346
160264 165801
171188 166318
181549 158131
186234 157110
166900 176873
171765 181138
175761 163485
156571 164405
168958 166343
167111 183332
168503 179519
182684 169116
184902 188224
183551 180844
170320 169327
170087 168311
154508 176111
156416 156584
168393 170335
179777 180451
167858 179637
159438 170830
180631 187601
182449 163498
166209 169750
160541 172710
185477 171770
182450 168137
160692 177812
168448 179566
173980 170824
169663 175879
164390 163324
155961 174037
165936 162750
173826 180907
154187 170434
172204 158244
170775 164434
172845 178153
179638 169410
182163 167604
172499 171087
166298 162234
190105 170744
160981 166331
162579 165492
160662 181201
172694 162641
162459 167768
160149 171043
164589 159607
173879 156749
166290 153770
169105 173686
166217 176188
153755 169478
170610 177533
156545 173543
173175 172549
184082 164468
168182 186639
172681 166936
165970 168762
174077 184968
183361 175619
179878 149053
170752 171713
162290 170015
182300 170994
165757 167205
169465 170502
179274 159226
164167 179008
177540 175763
185584 173246
186018 160690
188969 163558
171170 172962
