242612 245021
255638 242598
251598 248743
255906 255984
232189 256371
243053 253631
237174 252849
269843 259755
272543 258865
256325 256701
263444 258995
264384 246199
270925 256298
264908 264946
249739 254912
246627 252724
249784 259146
258636 257524
252080 254232
250462 266457
267620 264578
261994 273590
251812 225093
257689 270438
247870 249199
250178 233188
247700 246722
257416 253846
265945 251191
268697 262418
262132 254676
244916 259935
261560 263173
257468 250125
261843 262510
242957 261916
238817 250917
254758 253360
243950 255858
254222 257702
257164 244280
242261 241598
277263 259439
259012 273055
248487 257600
259915 258371
258571 255144
258354 263923
263302 267321
252171 258926
256141 258567
272779 240233
257980 247929
252495 269745
251221 252446
262844 256825
264280 240768
257966 271631
246668 244538
256623 243817
251801 252351
249688 252545
261233 254612
246800 252942
241857 239281
266393 243460
227782 230750
288290 258037
271820 256308
271687 253240
245999 265174
254129 265362
271112 253544
248861 242907
262342 252519
268659 249984
245575 245515
257131 260614
252178 230286
267625 248726
243325 234520
253455 261281
262581 254311
267577 256857
252261 242297
244854 258232
254409 243551
260238 256716
243326 259830
259563 251371
245778 259094
239016 262984
255398 252012
267710 249933
257249 253051
255551 244943
264454 265790
252959 257748
253933 247000
258815 263847
242948 247619
252379 265424
243421 260384
258247 249736
252810 232663
260070 242599
266668 256108
229632 250019
251343 232627
243819 271350
262941 268181
255941 254205
266009 249213
252785 243612
246867 259265
263664 272948
257829 260184
244327 246256
251984 262528
264808 237001
244108 245711
259185 245097
257778 253477
274797 245906
247189 249942
241518 253673
262936 255608
237975 252151
248423 249028
251683 254455
248446 275631
257019 268981
257831 263103
264725 256067
244001 234866
249356 278378
257090 269049
251440 255783
249673 248023
253864 259141
266920 255694
249502 249088
256530 232851
268397 260610
266099 246798
246349 249119
261177 269936
279015 267539
244718 241661
248718 242447
266065 234700
287479 244330
253980 249845
259998 246823
253069 265815
239190 235009
266544 236710
274042 251441
269648 254993
255442 254295
251483 236360
260165 256027
252450 245552
266736 251219
244437 244961
260827 239445
252804 243855
240611 246540
260435 248630
258966 254639
236964 266527
261384 267278
259287 241385
263786 240013
237491 248512
256184 242058
275154 245266
253537 263992
251195 244532
262998 256943
235645 253113
254745 253138
264304 254055
243393 233454
256831 257170
261370 250509
259916 262020
268430 260326
232993 240324
259710 256892
257689 247395
266104 247602
237093 251730
264534 255789
257290 236472
255947 242332
243374 261496
258105 249989
259315 271970
243935 258891
244126 258355
260512 254724
250644 241585
255015 252495
248023 258974
262002 252124
263406 239351
262287 274408
258515 269675
265035 266123
250335 248894
243680 263679
252818 252347
248622 267910
247828 251652
263009 268299
250755 261529
250719 254587
261714 253085
252050 260364
258547 257634
242015 262979
265049 262281
253576 250839
250147 268117
278455 264126
254269 242199
275030 244600
271253 244794
256612 266504
257755 264919
245328 234572
266373 268333
248780 246077
259308 240928
240249 251324
260476 268501
259272 243021
235372 261483
241874 261188
256361 246121
257469 252200
241648 259657
268725 255987
280718 275856
269388 262483
263257 240409
258931 267541
248119 258197
263959 261031
263276 260103
251867 250146
253014 250595
261349 262035
256355 257545
263195 259681
264518 255711
250092 243669
252836 265750
277140 256324
258360 251118
263136 263642
250193 264197
260780 246109
253688 262846
257237 262600
258738 256277
260966 245388
247027 250143
252935 258001
256497 273091
243853 264335
239032 235877
273981 244719
264648 265013
259814 250107
262015 274260
261544 261476
274768 244153
243768 246699
258166 251378
257611 250223
251223 247351
266189 256460
236565 251237
253088 246994
240326 252610
249827 243153
245115 248178
231390 250063
255126 257118
270537 268815
239918 244867
239707 260029
255400 262151
282364 249965
262564 240442
267279 232322
250172 268742
266466 251709
264298 239694
249857 257826
263645 254874
263422 263225
255528 256908
270654 260166
263886 271263
269087 253557
256698 252536
266613 257828
247423 280036
250595 260120
264629 263902
260457 250899
248606 253087
266120 266296
254438 259600
269506 266856
252147 264264
260044 264528
263679 255370
261651 255720
233689 274334
254868 264509
237795 259325
244466 240127
240950 248504
244341 256908
274533 233304
248439 234655
270484 241447
250581 261938
256699 265497
244216 245968
241075 221899
251797 248672
253995 256291
248875 262651
267594 242451
254436 258832
251022 246600
259599 276252
253920 247974
261175 241740
255801 239403
253976 245794
253393 270494
260902 241490
249994 257236
251540 258880
258854 286012
264308 266387
232362 253998
263299 266985
245714 249184
262329 257367
251666 264052
277877 246234
251268 253073
282019 257381
257906 251454
243730 250111
260074 260003
255622 255732
243335 242860
259984 245412
270985 279507
258300 241770
263497 236113
268653 260065
254742 250308
244932 258347
254453 275886
249304 245132
258224 250924
234631 259275
250963 263690
244539 251746
269285 258568
250842 280860
256172 251556
258780 260072
245171 255507
262938 270122
260576 242514
255734 249375
268652 257052
249010 256826
262925 262599
274409 255976
264277 252371
243599 248111
244036 256925
237631 269100
263028 268441
236690 256962
271559 259159
269612 253013
267628 269293
272940 242763
270148 267457
253172 255882
266259 269746
247264 246882
245627 259781
254907 266423
262448 261460
262744 240949
261564 245718
260444 259885
253377 259411
248876 259776
260939 252749
253124 260218
263066 259598
264957 270545
255333 259494
255732 254830
263081 259121
250687 271983
248858 238048
261309 239633
248546 259561
268683 255109
255528 260464
236916 242622
261598 255298
247403 266042
270780 259199
256466 257731
248837 260713
255610 248947
267374 253476
255069 271376
267615 247916
252207 266636
263115 251270
271950 235252
261377 254993
245824 260594
254929 256690
241355 251717
243576 255822
251127 250573
246497 241419
263583 240439
248394 249450
253384 270795
256272 255939
244339 263951
241242 256625
249486 268466
247833 265162
267573 261280
253474 266088
254027 263749
239819 250813
257600 242268
274233 241839
256115 252787
246361 265772
264351 247418
243865 263329
248245 268548
275846 248394
255446 266507
259835 230617
245846 266144
251762 268638
255267 238875
262071 244076
261920 260656
263006 252682
264942 278115
242812 249089
265931 269885
260867 264156
247912 274588
268288 235358
270752 248524
247490 235714
250761 249084
261610 262779
255299 252781
247150 260196
252824 254924
252682 274260
259344 240762
261025 247353
245137 257175
257281 247342
264357 269396
262543 254627
260881 265394
240850 258777
281567 254994
253682 248857
257587 237733
270743 241526
251254 244008
261634 247261
