160154 176494
163951 162697
166180 165660
144864 161452
176283 160606
183344 180034
172466 164454
165693 177724
158468 159286
163151 156154
182450 172771
148652 174627
178117 162162
178891 170146
160173 162881
174201 157512
176813 174949
175310 169374
173203 150506
165227 181974
176625 161768
179241 180558
167545 171408
179802 168925
180200 158487
164645 161186
155753 165234
163003 170993
175327 168917
155477 172509
167514 174455
150666 152330
174878 153779
163177 158845
167532 186276
177630 163510
169757 170036
160482 173274
172372 170671
173655 166803
170508 161660
171666 173070
180763 174429
174205 162323
188311 163102
177195 160782
180921 181573
177944 178166
163724 169816
173722 175712
171045 161195
183694 166345
166812 178089
191363 178100
167240 172236
170600 165917
170422 167546
185328 155397
164041 167618
168083 167485
160768 170062
162142 174262
150846 166393
170977 181450
168089 170299
180316 163062
156119 172378
166711 170068
167921 164829
178876 159268
180264 160199
163030 169187
164648 175890
170078 175459
181216 173771
172426 174707
174367 170571
163270 159412
171831 158874
166907 164435
178602 158894
161946 163628
174535 183637
165318 171907
161800 162870
175312 167705
165003 171662
155694 169530
166270 157441
176722 169281
173836 161512
170139 174422
167417 181162
168980 153425
170295 169162
158105 168052
149182 151560
174355 185500
184011 168430
158809 173541
172834 161015
159642 179662
166945 149406
163039 163773
168210 166516
179789 163120
163154 163930
163404 168682
162372 180012
165187 158979
167655 155481
163391 180488
166628 175329
169063 182645
176711 158733
165899 173225
167028 164537
182489 164748
162682 161456
181059 174756
171690 157694
151221 159140
180935 162266
179688 171833
178939 159477
178323 158230
176839 184917
150666 166391
163712 169527
173038 157468
161551 169978
168320 173898
162212 172360
147325 159230
179640 170370
169290 159031
163621 165436
158491 165650
166283 171028
171607 155160
175589 158144
161216 174668
162474 162342
165034 160174
160207 173696
162517 176450
175705 174867
157014 181699
168105 168644
165818 174552
162405 172223
169501 162993
171096 174906
154508 160690
176949 166577
147926 153499
174102 172730
159881 153813
180310 177811
173056 161026
173659 158037
184292 168372
176565 161664
167633 178265
166986 160686
175876 164091
157573 163875
177776 158732
180264 161323
171078 158002
175493 163871
183765 155098
163876 161305
166135 160287
179284 179230
191590 155890
172164 162932
179691 173090
162627 154897
177420 168699
161048 183003
163406 154186
187437 179879
167180 157254
165722 171733
160489 170670
175542 165157
187379 169866
183545 164445
185796 190834
166188 169987
180982 165041
161641 159131
180242 167163
177059 163595
185883 175403
168655 158484
172945 152872
179800 174412
173042 161406
167613 170854
183341 155714
167711 167178
168636 159134
177062 167555
172791 172711
181942 172567
166594 168550
179487 173163
179918 169112
157348 149968
184230 162972
176866 170789
168579 162638
162374 174088
158763 164778
169983 162685
173331 157484
171056 173162
167593 171205
182139 177748
172156 168576
178375 173402
168185 162975
173553 175337
168818 175125
165141 163243
175307 160479
179431 167215
161522 152190
168204 165678
162514 147744
159063 161389
178528 169884
166663 158674
157779 163599
172660 165624
162903 169711
160027 172024
156015 165894
175889 160574
170327 166797
177429 149657
186262 179845
169588 161841
162267 166565
166946 163539
181204 154237
170141 171744
152067 177117
166341 177625
162008 145748
171178 158933
171543 175816
155105 167207
157804 174828
168317 172410
184448 170764
177656 174502
172655 157057
155744 173231
184659 162872
164600 171872
163030 146986
168605 166775
165295 164090
161751 177800
180501 153427
174609 152590
159989 169660
176565 171183
167459 161563
170111 159434
165070 168624
162762 167412
165835 165258
178860 171967
157836 170485
169574 169171
171891 174367
164099 171347
166641 166405
156911 147583
174806 166473
170162 158861
155428 183758
176500 161144
169776 182257
167045 173185
183305 168888
172068 152987
168176 162831
165046 160156
148589 163760
157277 158988
186540 179982
182660 184595
180570 169819
179324 173242
171562 164002
168169 146310
170875 163735
167871 162740
162883 179078
175725 169220
163495 177896
159575 146588
168266 172290
170917 170967
175668 157280
160084 169550
167965 163043
166207 165981
169549 183758
161990 169884
163351 160551
175765 167647
173539 154278
184495 175300
172686 161789
171514 163888
172675 177897
177373 168951
172606 182205
177166 165201
176411 173796
153731 172117
183053 167986
166598 168979
168373 182594
179225 169768
159772 165174
176168 176825
161725 173345
169986 171472
163161 178670
168850 174176
171153 173112
171884 176919
165390 164356
173705 157419
172719 175498
160751 172374
171391 164163
173248 165122
171479 171384
176408 161344
170789 179726
179286 169827
152956 173398
169844 169641
170365 154460
166089 176943
178394 155057
179198 172525
170852 154551
156481 162791
173243 168947
159630 155450
172807 158729
171461 166125
177458 150065
168672 167784
169579 154644
169489 166773
152396 177407
168565 170156
156566 178981
172291 171891
186381 163595
178039 167426
158006 156241
165966 163226
164062 171330
165461 170938
160257 170158
162864 144471
155339 165194
167864 168088
161259 171772
169728 175131
170610 177591
165168 170654
179006 161149
170249 159320
172986 165174
159330 171047
149786 163710
165131 164560
177091 166829
167620 173688
168015 158291
156273 177551
175141 175907
159162 177886
167803 167082
154015 165691
172837 164791
164253 174293
179246 169971
181667 161908
153393 175270
175811 169243
177092 168126
148419 173478
185008 177943
176711 171162
173580 156682
157852 150795
174533 162961
166253 154494
169813 163832
175520 159855
168179 163154
170204 167874
176302 173035
175518 165615
175363 155208
180522 171270
168374 161848
184954 151639
186410 158809
160703 168223
177901 168622
155541 172537
162464 164420
170901 166316
155777 171145
171494 168068
185269 163665
171869 162181
169648 188155
165536 169070
163180 168363
178508 165489
167025 161371
158496 168815
169510 167840
171807 172447
160877 170473
166500 165239
176855 168744
161894 158958
153864 177563
167268 182831
180483 159761
177251 153548
179537 177109
179190 180130
182208 159701
175270 172759
158016 168952
170602 165993
161516 180924
164740 162119
166012 183568
176280 181381
181305 165478
158855 162169
174007 182053
172079 162595
169825 163913
165533 173614
160081 157773
173219 178418
155561 172347
180605 190137
176109 164534
175708 169797
172787 165727
164347 173662
176079 181493
176609 170359
158467 177822
157744 174825
180282 180763
172007 163010
176877 162019
165263 163508
178785 174078
177191 182161
154379 163362
170664 168173
167642 175823
161101 158006
175857 180355
172418 175857
166412 171575
169797 159253
160487 164787
174594 161801
169005 173224
174162 159403
162391 175556
175981 165589
167479 171496
159207 168605
182785 168757
174873 158833
175505 160775
